1567158373
1567158358
1567158343
1567158328
1567158313
1567083364
1567082967
1567081653
1567072777
1567072762
1567069946
1567069931
1567068749
1567068561
1567068196
1567009488
1567006912
1567006897
1567006882
1567004505
1567004396
1567004182
1567003775
1567003760
1567003745
1567003730
1567003715
1567003700
1567003685
1567003670
1567003654
1566995652
1566983929
1566983844
1566896297
1566896281
1566896266
1566896251
1566896236
1566896221
1566896206
1566896191
1566896175
1566896160
1566896145
1566896130
1566896115
1566491431
1566491428
