1565252802
1565252762
1565252722
1565252686
1565252650
1565252614
1565252577
1565252540
1565252504
1565252468
1565252431
1565252395
1565252359
1565252323
1565252199
1565252160
1565252124
1565185172
1565181245
1565181209
1565181173
1565181135
1565180623
1565104572
1565104506
1565104440
1565104373
1565104307
1565104241
1565104175
1565104108
1565104042
1565103975
1565103908
1565103842
1565103776
1565103710
1565103644
1565103576
1565103510
1565103441
1565103373
1565103306
1565103238
1565103172
1565103106
1565103040
1565102973
1565102906
1565102840
1565102774
1565102707
1565102641
1565102575
1565102438
1565101803
1565101735
1565101669
1565101602
1565101536
1565101469
1565101403
1565101336
1565101270
1565101203
1565101137
1565101071
1565101003
1565100937
1565100871
1565100804
1565100368
1565100299
1565100233
1565100167
1565100101
1565100033
1565099967
1565099901
1565099834
1565099768
1565093796
1565093727
1565093660
1565093594
1565093528
1565093454
1565093387
1565093320
1565093254
1565093188
1565093122
1565093055
1565092989
1565092923
1565092835
1565092768
1565092702
1565092636
1565092602
1565086541
1565086481
1565086422
1565086363
1565086248
1565086201
1565086165
1565086129
1565086093
1565086057
1565086020
1565085984
1565085948
1565085912
1565085876
1565085840
1565085803
1565085767
1565085731
1565085695
1565085659
1565085623
1565085586
1565083496
1565083459
1565083423
1565083386
1565083350
1565083314
1565083278
1565083241
1565083205
1565083167
1565081605
1565079788
1565079751
1565079690
1565078918
1565078876
1565078839
1565078801
1565020574
1565020535
1565020498
1565020460
1565020420
1565020375
1565020338
1565020300
1565020263
1565020226
1565020189
1565020151
1565020110
1565020073
1565019933
1565019890
1565019852
1565019601
1565019560
1565019519
1565019480
1565018822
1565018782
1565018748
1565018674
1565018636
1565018587
1565018542
1565018505
1565018468
1565016264
1565016221
1565016178
1565016137
1565016100
1565016062
1565016028
1565016017
1565015990
1565015979
1565015953
1565015942
1565015908
1565015870
1565015863
1565015833
1565015820
1565015795
1565015782
1565015757
1565015745
1565015719
1565015707
1565015670
1565015632
1565015595
1565015556
1565015518
1565015479
1565015442
1565015405
1565015367
1565015328
1565015291
1565015253
1565015204
1565015184
1565015154
1565015125
1565015103
1565015085
1565015067
1565015019
1565014952
1565014884
1565014817
1565014748
1565014681
1565014613
1565014543
1565014475
1565014407
1565014338
1565014270
1565014200
1565012476
1565012378
1565012305
1565012237
1565012169
1565012100
1565012033
1565011966
1565011899
1565011831
1565011611
1565011594
1565011559
1565011462
1565010598
1565010581
1565010475
1565010458
1565010441
1565010407
1565010329
1565008566
1565008549
1565008531
1565008249
1565008232
1565008215
1565008198
1565008158
1565008125
1565008077
1565008060
1565008014
1565007137
1565007120
1565006874
1565006779
1565006580
1565006552
1565005981
1564993366
1564993348
1564993329
1564993312
1564993295
1564993278
1564756227
1564756209
1564756181
1564756159
1564755690
1564755666
1564755384
1564754547
1564754545
1564754536
1564753863
1564753844
1564753825
1564753808
1564753790
1564753773
1564753755
1564753665
1564753648
1564753631
1564750503
1564750483
1564750466
1564750448
1564750431
1564750414
1564750395
1564749941
1564749923
1564749904
1564749887
1564749869
1564749852
1564749834
1564749817
1564749703
1564749310
1564748482
1564748465
1564748440
1564748401
1564748018
1564747928
1564747827
1564746741
1564746723
1564745927
1564739672
1564739654
1564739635
1564739618
1564739600
1564739355
1564739338
1564739319
1564739302
1564738928
1564738396
1564737373
1564737356
1564737317
1564737300
1564737282
1564737265
1564737247
1564737230
1564735970
1564735952
1564735934
1564735916
1564735898
1564735881
1564735863
1564735676
1564735658
1564735019
1564735001
1564734983
1564734966
1564734533
1564734515
1564734498
1564727120
1564727016
1564726976
1564675422
1564675418
1564675405
1564675388
1564675378
1564675371
1564675353
1564675337
1564675336
1564675319
1564675302
1564675297
1564675285
1564675268
1564675257
1564675251
1564675234
1564675217
1564675216
1564675200
1564675176
1564674548
1564674507
1564673211
1564671945
1564671928
1564671911
1564671537
1564671520
1564671503
1564671486
1564671469
1564671452
1564671435
1564671417
1564671123
1564670705
1564668083
1564666859
1564665702
1564664311
1564664183
1564664141
1564664068
1564664064
1564664028
1564664024
1564663988
1564663948
1564663907
1564663867
1564663791
1564663774
1564663757
1564663739
1564663722
1564663705
1564663688
1564663671
1564663654
1564663637
1564663620
1564663603
1564663586
1564663306
1564661884
1564661875
1564661868
1564661860
1564652306
1564652235
1564652218
1564652201
1564652184
1564652167
1564652150
1564652133
1564652116
1564652098
1564652081
1564652064
1564652047
1564652030
1564652013
1564651996
1564651979
1564651962
1564651945
1564651922
1564651905
1564651888
1564651871
1564651854
1564588159
1564588142
1564588065
1564587802
1564587687
